NACA 6412                                       
 Alfa =  10.00000 Re =  1000000.000 Xflap,Yflap =     0.000000    0.000000
#    x        y        Cp  
   1.00000  0.00126  0.03314
   0.99403  0.00328  0.03134
   0.98360  0.00677  0.02836
   0.97140  0.01079  0.02529
   0.95775  0.01519  0.02276
   0.94312  0.01981  0.02235
   0.92791  0.02450  0.01863
   0.91239  0.02916  0.00327
   0.89671  0.03377 -0.01964
   0.88093  0.03828 -0.04943
   0.86509  0.04269 -0.08511
   0.84920  0.04699 -0.12534
   0.83328  0.05118 -0.16886
   0.81733  0.05526 -0.21455
   0.80136  0.05923 -0.26114
   0.78536  0.06309 -0.30796
   0.76934  0.06683 -0.35455
   0.75329  0.07046 -0.40062
   0.73723  0.07397 -0.44593
   0.72115  0.07736 -0.49066
   0.70505  0.08064 -0.53460
   0.68894  0.08379 -0.57806
   0.67281  0.08683 -0.62103
   0.65668  0.08974 -0.66353
   0.64053  0.09253 -0.70564
   0.62438  0.09519 -0.74785
   0.60822  0.09773 -0.79025
   0.59205  0.10013 -0.83213
   0.57589  0.10241 -0.87485
   0.55972  0.10455 -0.91759
   0.54356  0.10656 -0.96073
   0.52740  0.10843 -1.00459
   0.51125  0.11015 -1.04949
   0.49510  0.11174 -1.09504
   0.47898  0.11318 -1.14205
   0.46287  0.11447 -1.19093
   0.44680  0.11560 -1.24196
   0.43079  0.11659 -1.29591
   0.41487  0.11741 -1.35450
   0.39913  0.11806 -1.42451
   0.38366  0.11850 -1.49404
   0.36835  0.11867 -1.55224
   0.35314  0.11860 -1.60527
   0.33799  0.11826 -1.65556
   0.32291  0.11767 -1.70204
   0.30789  0.11682 -1.74641
   0.29292  0.11571 -1.78705
   0.27803  0.11433 -1.82629
   0.26321  0.11268 -1.86206
   0.24847  0.11076 -1.89538
   0.23383  0.10857 -1.92484
   0.21929  0.10611 -1.95087
   0.20486  0.10337 -1.97561
   0.19057  0.10035 -2.01037
   0.17642  0.09705 -2.08375
   0.16245  0.09348 -2.13369
   0.14867  0.08963 -2.14984
   0.13513  0.08551 -2.17439
   0.12187  0.08113 -2.20323
   0.10895  0.07651 -2.23562
   0.09648  0.07168 -2.27213
   0.08456  0.06669 -2.31431
   0.07333  0.06161 -2.36252
   0.06296  0.05655 -2.41814
   0.05358  0.05160 -2.48213
   0.04528  0.04688 -2.55336
   0.03805  0.04245 -2.63200
   0.03184  0.03834 -2.71674
   0.02653  0.03456 -2.80679
   0.02200  0.03108 -2.90055
   0.01813  0.02786 -2.99849
   0.01482  0.02488 -3.09812
   0.01197  0.02209 -3.19979
   0.00952  0.01947 -3.30221
   0.00742  0.01698 -3.40103
   0.00563  0.01461 -3.49338
   0.00411  0.01233 -3.57337
   0.00284  0.01013 -3.62827
   0.00182  0.00800 -3.64258
   0.00103  0.00593 -3.60816
   0.00046  0.00392 -3.49341
   0.00012  0.00197 -3.28481
   0.00000  0.00010 -2.98341
   0.00010 -0.00175 -2.59109
   0.00046 -0.00363 -2.07440
   0.00110 -0.00549 -1.45783
   0.00205 -0.00730 -0.81581
   0.00332 -0.00902 -0.23638
   0.00488 -0.01062  0.22045
   0.00673 -0.01210  0.54726
   0.00886 -0.01345  0.76046
   0.01127 -0.01470  0.89161
   0.01397 -0.01584  0.96301
   0.01700 -0.01689  0.99446
   0.02039 -0.01785  0.99923
   0.02421 -0.01872  0.98626
   0.02854 -0.01951  0.96173
   0.03349 -0.02021  0.92973
   0.03918 -0.02081  0.89273
   0.04579 -0.02128  0.85310
   0.05350 -0.02160  0.81245
   0.06251 -0.02174  0.77206
   0.07295 -0.02165  0.73349
   0.08487 -0.02130  0.69767
   0.09816 -0.02068  0.66607
   0.11260 -0.01980  0.63870
   0.12792 -0.01869  0.61582
   0.14388 -0.01741  0.59661
   0.16032 -0.01599  0.58066
   0.17709 -0.01448  0.56758
   0.19408 -0.01292  0.55634
   0.21117 -0.01135  0.54693
   0.22823 -0.00979  0.53868
   0.24523 -0.00827  0.53160
   0.26214 -0.00680  0.52513
   0.27897 -0.00541  0.51896
   0.29573 -0.00409  0.51320
   0.31242 -0.00286  0.50759
   0.32907 -0.00172  0.50184
   0.34567 -0.00068  0.49569
   0.36225  0.00026  0.48908
   0.37884  0.00108  0.48156
   0.39553  0.00180  0.47204
   0.41246  0.00243  0.46011
   0.42957  0.00305  0.45060
   0.44674  0.00366  0.44249
   0.46392  0.00425  0.43511
   0.48109  0.00481  0.42845
   0.49824  0.00534  0.42218
   0.51537  0.00584  0.41640
   0.53247  0.00630  0.41046
   0.54956  0.00672  0.40506
   0.56662  0.00709  0.39931
   0.58367  0.00742  0.39415
   0.60070  0.00771  0.38831
   0.61772  0.00795  0.38289
   0.63473  0.00813  0.37732
   0.65173  0.00827  0.37135
   0.66871  0.00835  0.36540
   0.68569  0.00838  0.35932
   0.70266  0.00835  0.35276
   0.71962  0.00827  0.34619
   0.73658  0.00813  0.33929
   0.75353  0.00793  0.33176
   0.77049  0.00768  0.32418
   0.78744  0.00737  0.31593
   0.80438  0.00700  0.30746
   0.82133  0.00658  0.29793
   0.83828  0.00609  0.28806
   0.85522  0.00555  0.27733
   0.87215  0.00496  0.26585
   0.88905  0.00431  0.25313
   0.90590  0.00360  0.23896
   0.92261  0.00286  0.22324
   0.93901  0.00207  0.20557
   0.95481  0.00127  0.18540
   0.96952  0.00048  0.16195
   0.98259 -0.00025  0.13431
   0.99370 -0.00089  0.10531
   1.00000 -0.00126  0.03314
